order = 0
dense_order = -1
imex = 0
btable = -1
adapt_method = 0
cflfac = 0.000000
safety = 0.000000
bias = 0.000000
growth = 0.000000
hfixed_lb = 0.000000
hfixed_ub = 0.000000
k1 = 0.000000
k2 = 0.000000
k3 = 0.000000
etamx1 = 0.000000
etamxf = 0.000000
etacf = 0.000000
small_nef = 0
crdown = 0.000000
rdiv = 0.000000
dgmax = 0.000000
predictor = 3
msbp = 0
maxcor = 0
nlscoef = 0.000000
rtol = 0.000001
atol = 0.000000
