order = 4
dense_order = -1
imex = 0
btable = -1
adapt_method = 2
cflfac = 0.000000
safety = 0.000000
bias = 0.000000
growth = 0.000000
hfixed_lb = 0.000000
hfixed_ub = 0.000000
k1 = 0.000000
k2 = 0.000000
k3 = 0.000000
etamx1 = 0.000000
etamxf = 0.100000
etacf = 0.000000
small_nef = 0
crdown = 0.000000
rdiv = 0.000000
dgmax = 0.000000
predictor = 0
msbp = 0
maxcor = 8
nlscoef = 0.0000001
rtol = 1.e-6
atol = 1.e-10
