order = 5
dense_order = -1
imex = 0
btable = -1
adapt_method = -1
cflfac = 0.000000
safety = 0.0
bias = 0.0
growth = 0.000000
hfixed_lb = 0.000000
hfixed_ub = 0.000000
k1 = 0.000000
k2 = 0.000000
k3 = 0.000000
etamx1 = 0.000000
etamxf = 0.000000
etacf = 0.000000
small_nef = 0
crdown = 0.000000
rdiv = 0.000000
dgmax = 0.000000
predictor = 0
msbp = 0
maxcor = 0
nlscoef = 0.0
