

ARK3(2)4L[2]SA-ERK dense output coefficients:
[ 1.0,   0,                            -17.999999999999999999999999951863,  45.765682161674337640353352293516, -42.531364323348675280706704731444,  13.76568216167433764035335238979]
[   0,   0,                             17.999999999999999999999999951863, -45.765682161674337640353352293516,  42.531364323348675280706704731444, -13.76568216167433764035335238979]
[   0, 1.0,                            -5.3333333333333333333333333221626,  10.287063616075229348271588273213, -8.5741272321504586965431765799389, 2.6203969494085626816049216288881]
[   0,   0, -0.0000000000000000000000000079422747287806475643410022217002, -7.5510219953504281935217797838074,  15.102043990700856387043559591442, -7.551021995350428193521779799692]
[   0,   0,                            -10.416666666666666666666666631349,  33.910810195544646990316219260814, -36.571620391089293980632438627579, 13.077476862211313656982885998115]
[   0,   0,                            -2.2499999999999999999999999904087,  9.1188303454048894952873245432966, -12.487660690809778990574649115367, 5.6188303454048894952873245624792]
 


ARK3(2)4L[2]SA-ESDIRK dense output coefficients:
[ 1.0,   0,                            -17.999999999999999999999999951863,  45.765682161674337640353352293516, -42.531364323348675280706704731444,  13.76568216167433764035335238979]
[   0,   0,                             17.999999999999999999999999951863, -45.765682161674337640353352293516,  42.531364323348675280706704731444, -13.76568216167433764035335238979]
[   0, 1.0,                            -5.3333333333333333333333333221626,  10.287063616075229348271588273213, -8.5741272321504586965431765799389, 2.6203969494085626816049216288881]
[   0,   0, -0.0000000000000000000000000079422747287806475643410022217002, -7.5510219953504281935217797838074,  15.102043990700856387043559591442, -7.551021995350428193521779799692]
[   0,   0,                            -10.416666666666666666666666631349,  33.910810195544646990316219260814, -36.571620391089293980632438627579, 13.077476862211313656982885998115]
[   0,   0,                            -2.2499999999999999999999999904087,  9.1188303454048894952873245432966, -12.487660690809778990574649115367, 5.6188303454048894952873245624792]
 


ARK4(3)6L[2]SA-ERK dense output coefficients:
[ 1.0,   0, -74.789203712747613364287860175716,   438.8342289529220282022736444427, -1110.7515876892553863708346722464,  1442.4171958963716330392705715967, -940.97052597292715295369240334647,  244.25989252563649144727071972917]
[   0,   0,  74.789203712747613364287860175716,  -438.8342289529220282022736444427,  1110.7515876892553863708346722464, -1442.4171958963716330392705715967,  940.97052597292715295369240334647, -244.25989252563649144727071972917]
[   0, 1.0,  -11.15193230286878155749266583772,  49.514741006239960746138638355312, -112.32156658492064529838853493086,  137.75597946998942905157975021804,  -86.84656169583285740508511987614,   22.04934010739289446324793207137]
[   0,   0,  7.2479549003541432985549321206702, -108.65216720496477627397219046239,  444.94763523927527634336444695561, -778.57179929994168241132876590248,  620.66958720014592439567829218433, -185.64121083486888535229671489574]
[   0,   0, -28.996790852721718498428829709758,  217.73851598392221069234375094456, -637.31902577427167455799046271531,  909.52624312248177099680280267656, -633.06551859422876859686507243662,  172.11657611481817996413781124057]
[   0,   0,  -22.89712110481843193118657894934,  174.85914908751747673577911676179, -558.45521908731904368806318082296,  881.73931179650441574241362753696, -673.06395715702944770782128490551,  197.81783646514503084887830037905]
[   0,   0, -15.305897961553231220849147089117,  82.217678281245090599350593970995, -183.90634939299980568339591240811,  200.76032826451818443825645251399, -102.14283166725115811948180824204,  18.377072476040919986119821254282]
[   0,   0,  -3.685416391139593454885570710451,  23.156311798962065702633734872428, -63.697062089019493486361028324749,  91.207132542819515221546704553645,   -66.5212440587308455201174100705,  19.540278197108351537183569679627]
 


ARK4(3)6L[2]SA-ESDIRK dense output coefficients:
[ 1.0,   0, -74.789203712747613364287860175716,   438.8342289529220282022736444427, -1110.7515876892553863708346722464,  1442.4171958963716330392705715967, -940.97052597292715295369240334647,  244.25989252563649144727071972917]
[   0,   0,  74.789203712747613364287860175716,  -438.8342289529220282022736444427,  1110.7515876892553863708346722464, -1442.4171958963716330392705715967,  940.97052597292715295369240334647, -244.25989252563649144727071972917]
[   0, 1.0,  -11.15193230286878155749266583772,  49.514741006239960746138638355312, -112.32156658492064529838853493086,  137.75597946998942905157975021804,  -86.84656169583285740508511987614,   22.04934010739289446324793207137]
[   0,   0,  7.2479549003541432985549321206702, -108.65216720496477627397219046239,  444.94763523927527634336444695561, -778.57179929994168241132876590248,  620.66958720014592439567829218433, -185.64121083486888535229671489574]
[   0,   0, -28.996790852721718498428829709758,  217.73851598392221069234375094456, -637.31902577427167455799046271531,  909.52624312248177099680280267656, -633.06551859422876859686507243662,  172.11657611481817996413781124057]
[   0,   0,  -22.89712110481843193118657894934,  174.85914908751747673577911676179, -558.45521908731904368806318082296,  881.73931179650441574241362753696, -673.06395715702944770782128490551,  197.81783646514503084887830037905]
[   0,   0, -15.305897961553231220849147089117,  82.217678281245090599350593970995, -183.90634939299980568339591240811,  200.76032826451818443825645251399, -102.14283166725115811948180824204,  18.377072476040919986119821254282]
[   0,   0,  -3.685416391139593454885570710451,  23.156311798962065702633734872428, -63.697062089019493486361028324749,  91.207132542819515221546704553645,   -66.5212440587308455201174100705,  19.540278197108351537183569679627]
 


ARK5(4)8L[2]SA-ERK dense output coefficients:
[ 1.0,   0,  38.248255911704945234038772103162, -490.93368942935140788792131211938,  2889.1386894950909480420581643022, -9527.7810802320826600383547675484,  18477.893513889459263053641563359, -20750.003762151870142382111674141,  12400.622201282412226235683374882, -3038.1841287653631722570341208375]
[   0,   0, -38.248255911704945234038772103162,  490.93368942935140788792131211938, -2889.1386894950909480420581643022,  9527.7810802320826600383547675484, -18477.893513889459263053641563359,  20750.003762151870142382111674141, -12400.622201282412226235683374882,  3038.1841287653631722570341208375]
[   0, 1.0, -8.6908124073278604516390228755489,  38.346528941903833941227616876207, -85.004470558812132700104061828054,   56.75696068792270603432981517381,  135.61467066077555747795314582088, -322.40196535381670249219216811115,  258.71094196754859142783340607628, -74.331853938193993237408731132428]
[   0,   0, -58.117196860276428222525288856925,   702.1715549529674409414797490795, -3837.7624203800202823365936653628,  11585.483102074717361550999060967, -20319.152431990555883983408931761,   20548.03350490891698020895173806,  -11097.93897194080399107990607037,  2477.2828592350548029210034082441]
[   0,   0,  1178.0014378360574284095288094991,  -13390.24783136172248300420500698,   68993.58067158421438124029249614, -198156.46306578625852548867593777,  335924.31452597167841677822822788, -333465.76456025326613898976711711,  178912.01137113339212255661919634, -39995.432549124095201502020668004]
[   0,   0,  446.73514287103927306791792456817, -4793.2075950028307717411309971232,  23720.257994458833961666125415845, -66474.488304489758554864943377878,   111307.4795523013799705636290501, -110059.65818041314662962513468435,  59125.640519506727477659889161457, -13272.759129232244726726352492615]
[   0,   0,  7.0579402148470787189303417352369, -90.874962490158107876469396074903,  536.98915580239109762475640993111, -1780.4662837933530500467704061119,  3477.6670874946096378479756888303, -3941.5332119120123664226216371915,  2382.8287109386716275909197669869, -591.66843625499591743672076810526]
[   0,   0, -1550.4866309568959421807272152757,  17343.981876279757700405720249727, -88183.697628986823832361023362788,  250884.85839951283627364315105413, -422736.70338396535968060775177587,  418170.75713842545180932934344617, -223962.83441905232511677214995874,  50034.124648743358788543437562649]
[   0,   0,  23.477300781405462255450775145745, -297.73341480593027632054373348961,  1725.7986562444049771408871050811,  -5584.663880746790529664253953397,   10584.54468586653700623013079267, -11577.405386924520948665562775279,  6732.8983413803115337284204356481, -1606.9163017954172247045286463793]
[   0,   0, 0.27107443285593363710244816308498, -3.3698459433387442339997941339948,  18.976731330902777767717827283787, -58.798007691398341202191022661365,   104.1288075503942387468853656859, -102.03110062947614572512847632611,  49.305707348889981124057437483429, -8.4833663988297001144437854947263]
 


ARK5(4)8L[2]SA-ESDIRK dense output coefficients:
[ 1.0,   0,  38.248255911704945234038772103162, -490.93368942935140788792131211938,  2889.1386894950909480420581643022, -9527.7810802320826600383547675484,  18477.893513889459263053641563359, -20750.003762151870142382111674141,  12400.622201282412226235683374882, -3038.1841287653631722570341208375]
[   0,   0, -38.248255911704945234038772103162,  490.93368942935140788792131211938, -2889.1386894950909480420581643022,  9527.7810802320826600383547675484, -18477.893513889459263053641563359,  20750.003762151870142382111674141, -12400.622201282412226235683374882,  3038.1841287653631722570341208375]
[   0, 1.0, -8.6908124073278604516390228755489,  38.346528941903833941227616876207, -85.004470558812132700104061828054,   56.75696068792270603432981517381,  135.61467066077555747795314582088, -322.40196535381670249219216811115,  258.71094196754859142783340607628, -74.331853938193993237408731132428]
[   0,   0, -58.117196860276428222525288856925,   702.1715549529674409414797490795, -3837.7624203800202823365936653628,  11585.483102074717361550999060967, -20319.152431990555883983408931761,   20548.03350490891698020895173806,  -11097.93897194080399107990607037,  2477.2828592350548029210034082441]
[   0,   0,  1178.0014378360574284095288094991,  -13390.24783136172248300420500698,   68993.58067158421438124029249614, -198156.46306578625852548867593777,  335924.31452597167841677822822788, -333465.76456025326613898976711711,  178912.01137113339212255661919634, -39995.432549124095201502020668004]
[   0,   0,  446.73514287103927306791792456817, -4793.2075950028307717411309971232,  23720.257994458833961666125415845, -66474.488304489758554864943377878,   111307.4795523013799705636290501, -110059.65818041314662962513468435,  59125.640519506727477659889161457, -13272.759129232244726726352492615]
[   0,   0,  7.0579402148470787189303417352369, -90.874962490158107876469396074903,  536.98915580239109762475640993111, -1780.4662837933530500467704061119,  3477.6670874946096378479756888303, -3941.5332119120123664226216371915,  2382.8287109386716275909197669869, -591.66843625499591743672076810526]
[   0,   0, -1550.4866309568959421807272152757,  17343.981876279757700405720249727, -88183.697628986823832361023362788,  250884.85839951283627364315105413, -422736.70338396535968060775177587,  418170.75713842545180932934344617, -223962.83441905232511677214995874,  50034.124648743358788543437562649]
[   0,   0,  23.477300781405462255450775145745, -297.73341480593027632054373348961,  1725.7986562444049771408871050811,  -5584.663880746790529664253953397,   10584.54468586653700623013079267, -11577.405386924520948665562775279,  6732.8983413803115337284204356481, -1606.9163017954172247045286463793]
[   0,   0, 0.27107443285593363710244816308498, -3.3698459433387442339997941339948,  18.976731330902777767717827283787, -58.798007691398341202191022661365,   104.1288075503942387468853656859, -102.03110062947614572512847632611,  49.305707348889981124057437483429, -8.4833663988297001144437854947263]
 


Ascher(2,3,3)-ERK dense output coefficients:
[ 1.0,   0, -3167366770897933.3642831841108792,  12669467083591727.682575365897264, -9502100312693795.3182921817863844]
[   0,   0,  3167366770897933.3642831841108792, -12669467083591727.682575365897264,  9502100312693795.3182921817863844]
[   0, 1.0, -4.7582417582417574952372340533324,   9.032967032967031172763172609297, -5.2747252747252736775259385559646]
[   0,   0,  -1583683385448967.557753549135419,  6334733541795867.1475830885619155, -4751050156346899.5898295394264966]
[   0,   0, -1583683385448961.0482878767337027,  6334733541795851.5020252443683168, -4751050156346890.4537373676346141]
 


Ascher(2,3,3)-SDIRK dense output coefficients:
[ 1.0, -1801439850948199.0535898384862244,  5404319552844594.8535898384862244, -3602879701896396.8]
[   0,  1801439850948199.0535898384862244, -5404319552844594.8535898384862244,  3602879701896396.8]
[   0, -900719925474099.89282032302755122,  2702159776422298.2928203230275512, -1801439850948198.4]
[   0, -900719925474098.16076951545867316,  2702159776422296.5607695154586732, -1801439850948198.4]
 


Ascher(2,3,2)-ERK dense output coefficients:
[ 1.0,   0,   4.242640687119284794428853477943, -12.485281374238569588857706955886,    7.242640687119284794428853477943]
[   0,   0,  -4.242640687119284794428853477943,  12.485281374238569588857706955886,   -7.242640687119284794428853477943]
[   0, 1.0, -2.5000000000000007684139114601087,  2.0000000000000015368278229202173, -0.50000000000000076841391146010865]
[   0,   0,  5.8284271247461905369998597397766, -11.656854249492381073999719479553,   5.8284271247461905369998597397766]
[   0,   0, 0.91421356237309502584290519827503, -2.8284271247461900516858103965501,    1.914213562373095025842905198275]
 


Ascher(2,3,2)-SDIRK dense output coefficients:
[ 1.0,  14.485281374238547327474268198086, -31.970562748477094654948536396171,  16.485281374238547327474268198086]
[   0, -14.485281374238547327474268198086,  31.970562748477094654948536396171, -16.485281374238547327474268198086]
[   0,  11.656854249492363159421781133921, -23.313708498984726318843562267842,  11.656854249492363159421781133921]
[   0,  3.8284271247461841680524870641647, -8.6568542494923683361049741283293,  4.8284271247461841680524870641647]
 


Ascher(2,2,2)-ERK dense output coefficients:
[ 1.0,   0,   4.242640687119284794428853477943, -12.485281374238569588857706955886,    7.242640687119284794428853477943]
[   0,   0,  -4.242640687119284794428853477943,  12.485281374238569588857706955886,   -7.242640687119284794428853477943]
[   0, 1.0, -2.5000000000000007684139114601087,  2.0000000000000015368278229202173, -0.50000000000000076841391146010865]
[   0,   0,  5.8284271247461905369998597397766, -11.656854249492381073999719479553,   5.8284271247461905369998597397766]
[   0,   0, 0.91421356237309502584290519827503, -2.8284271247461900516858103965501,    1.914213562373095025842905198275]
 


Ascher(2,2,2)-SDIRK dense output coefficients:
[ 1.0,  14.485281374238547327474268198086, -31.970562748477094654948536396171,  16.485281374238547327474268198086]
[   0, -14.485281374238547327474268198086,  31.970562748477094654948536396171, -16.485281374238547327474268198086]
[   0,  11.656854249492363159421781133921, -23.313708498984726318843562267842,  11.656854249492363159421781133921]
[   0,  3.8284271247461841680524870641647, -8.6568542494923683361049741283293,  4.8284271247461841680524870641647]
 


Ascher(3,4,3)-ERK dense output coefficients:
[ 1.0,   0, -26.060141536461662577996181681132,  81.432165490459818111984365951794, -89.683906371534648489980186860193,  33.311882417536492955992002589531]
[   0,   0,  26.060141536461662577996181681132, -81.432165490459818111984365951794,  89.683906371534648489980186860193, -33.311882417536492955992002589531]
[   0, 1.0,  -6.298945567803178699485946394718,  14.653909260041976078650609751219, -14.410981816674416058843380318284,   5.056018124435618679678716961783]
[   0,   0, -8.4720996195061673217699207952515,  34.389729606154185161968401862369, -43.363160353789868358627041338983,  17.445530367141850518428560271866]
[   0,   0, -8.6920215350314885812686369956339,  23.617728610991260281971045801246, -21.159392616888054820136180615591,  6.2336855409282831194337718099786]
[   0,   0, -2.5970748141208279754716774955284,  8.7707980132723965893943085369601, -10.750371584182309252373584587335,  4.5766483850307406384509535459033]
 


Ascher(3,4,3)-SDIRK dense output coefficients:
[ 1.0,  -6.5885607206471305034191850653362,   15.440843813060697108880124473319, -15.116005464180002707502693750629,  5.2637223717664361020417543426466]
[   0,   6.5885607206471305034191850653362,  -15.440843813060697108880124473319,  15.116005464180002707502693750629, -5.2637223717664361020417543426466]
[   0,  -3.4504485422684712433491694528766,   13.262087932748758513213678634305,  -16.17283023869210329637984890998,  6.3611908482118160265153397285518]
[   0,  -1.2329238913921263549887519941457, -0.92590105390840661115488902261994,  5.5505737819931922872760340276771, -3.3917488366926593211323930109114]
[   0, -0.90518828698653290508126361831385,   3.1046569342203452068213348616339, -4.4937490074810916983988788683263,  2.2942803602472793966588076250062]
 

Ascher(4,4,3)-ERK dense output coefficients:  {Warning: System is inconsistent. Solution does not exist.}
 

Ascher(4,4,3)-SDIRK dense output coefficients:  {Warning: System is inconsistent. Solution does not exist.}

 
Cooper4-ERK dense output coefficients:  {Warning: System is inconsistent. Solution does not exist.}
 

Cooper4-ESDIRK dense output coefficients:  {Warning: System is inconsistent. Solution does not exist.}
 

Cooper6-ERK dense output coefficients:  {Warning: System is inconsistent. Solution does not exist.}

 
Cooper6-ESDIRK dense output coefficients:  {Warning: System is inconsistent. Solution does not exist.}


Heun-Euler-ERK dense output coefficients:
[ 1.0,   0, -3.0,  2.0]
[   0,   0,  3.0, -2.0]
[   0, 1.0, -2.0,  1.0]
[   0,   0, -1.0,  1.0]
 

Bogacki-Shampine-ERK dense output coefficients:
[ 1.0,   0,                              -22.5,                              65.0,                              -67.5,                                        24.0]
[   0,   0,                               22.5,                             -65.0,                               67.5,                                       -24.0]
[   0, 1.0, -5.9166666666666666666666666666667, 12.833333333333333333333333333333, -11.916666666666666666666666666667,                                         4.0]
[   0,   0,                               -9.0,                              34.0,                              -41.0,                                        16.0]
[   0,   0, -5.3333333333333333333333333333333, 10.666666666666666666666666666667, -5.3333333333333333333333333333333, -2.9387358770557187699218413430556*10^(-39)]
[   0,   0,                              -2.25,                               7.5,                              -9.25,                                         4.0]
 

Fehlberg-ERK dense output coefficients:
[ 1.0,   0,  128.13559322038355866928389348807, -918.30508474608417195596208119707,   2763.813559323009880453042325458, -4137.3559322048683569574347136865,   3008.813559323125967033171308347, -846.10169491556687724210073240947]
[   0,   0, -128.13559322038355866928389348807,  918.30508474608417195596208119707,  -2763.813559323009880453042325458,  4137.3559322048683569574347136865,  -3008.813559323125967033171308347,  846.10169491556687724210073240947]
[   0, 1.0,  2.4555084745787970021197483985814, -41.739014438185195630710351972317,  148.71916195862404090638140139055,  -238.7495291902909349622428570805,  180.02008788455654471758417588569, -51.706214689283252033132116622014]
[   0,   0,  102.64794188864982867860805494779, -677.12929782103940377358442061283,  1917.8305084752325502918978240852, -2747.7746569824308471297210554372,  1937.3352703800725150850460463313, -532.90976594048464315224644931418]
[   0,   0, -120.82164733872118751533080628393,   814.7882776623962249329843127954, -2296.2608781849380249741760249533,  3239.4492219260458422132251606383, -2245.1606832532565716592054661787,  608.00570918847371700250282398225]
[   0,   0,  34.017734725886938683650532584289, -245.32119806887719251618907668852,  744.81752516268434241143517690258, -1128.3325344696014730503994004213,   833.4086120972239955129969139676,  -238.5901394473166110414941463446]
[   0,   0, -4.2101694915270721158824532724689,  30.972881355944090844826580829463, -96.661016949188633770120381011362,  151.96836158197557922269470580463, -117.79435028252625993492232553068,  35.724293785322295753403873180421]
[   0,   0,   114.0462249615162539361188171138, -799.87673343632269581328912554826,  2345.3682588605956055876243290443, -3413.9167950705665232509912671903,  2421.0046224970557433116719638718, -666.62557781227838377113471729134]
 

Cash-Karp-ERK dense output coefficients:
[ 1.0,   0, -155.64705882352945613527764999219,  1260.0000000000003150792481364964, -4134.5294117647067695419676158844,  6517.4117647058835819726530293958,  -4900.000000000000834960007507163,  1411.7647058823531635853516071474]
[   0,   0,  155.64705882352945613527764999219, -1260.0000000000003150792481364964,  4134.5294117647067695419676158844, -6517.4117647058835819726530293958,   4900.000000000000834960007507163, -1411.7647058823531635853516071474]
[   0, 1.0, -16.159663865546221363265350230351,  99.375661375661396083178780550321, -294.14939309056961866078890380393,   441.3137254901961580908200998218, -322.88359788359793771566185928134,    91.5032679738562235657172329435]
[   0,   0, -19.301470588235304816569649875204,  217.01388888888896486285883294855, -838.23529411764727274835254287602,  1443.0487472766887495111528519474, -1142.9398148148150161458351576849,  340.41394335511987933674566554017]
[   0,   0, -32.395566922421147473576908899005,  230.04370830457790603626042153223, -647.74895465432560036139492912161,  897.33284618195118265155887617144, -609.61582700713145099609010661197,  162.38379409734911014324264692891]
[   0,   0, -49.910873440285220164104836244001,  407.72306397306408080887588941104, -1354.7422756981583544835221782107,  2168.7277183600717215289480631998, -1654.5664983164986020223089681915,  482.76886512180637433211203003543]
[   0,   0, -5.2279411764705898859850316433339,  42.696428571428583150269648104786,  -142.0063025210084363668886767314,  228.35609243697483563886358081545, -176.33928571428574534821456563917,  52.521008403361352811955045093667]
[   0,   0, -32.651542830570972431775873100295,  263.14724888637938413780456394944, -857.64719168299748692102038514067,  1338.6326349600009345513095574399, -993.65497626367208273189684975417,  282.17382693086022339557898660575]
 

Dormand-Prince-ERK dense output coefficients:  {Warning: System is inconsistent. Solution does not exist.}


ERK-1-1 dense output coefficients:
[ 1.0,   0, -1.0]
[   0,   0,  1.0]
[   0, 1.0, -1.0]
 

ERK-2-2 dense output coefficients:  {Warning: System is inconsistent. Solution does not exist.}
 

ERK-3-3 dense output coefficients:  {Warning: System is inconsistent. Solution does not exist.}
 

ERK-4-4 dense output coefficients:  {Warning: System is inconsistent. Solution does not exist.}


TRBDF2-ESDIRK dense output coefficients:
[ 1.0,   0,  -20.48528137423855573822365047053,  36.97056274847711147644730094106,  -17.48528137423855573822365047053]
[   0,   0,   20.48528137423855573822365047053, -36.97056274847711147644730094106,   17.48528137423855573822365047053]
[   0, 1.0, -5.7677669529663643898141878941758, 8.5355339059327287796283757883516, -3.7677669529663643898141878941758]
[   0,   0, -12.010407640085644259060677702987, 24.020815280171288518121355405973, -12.010407640085644259060677702987]
[   0,   0, -2.7071067811865470893487848733676, 4.4142135623730941786975697467351, -1.7071067811865470893487848733676]
 

TRX2-ESDIRK dense output coefficients:  {Warning: System is inconsistent. Solution does not exist.}


Billington-SDIRK dense output coefficients:
[ 1.0, -438.05009259560353723435409700473,  1117.7990564637262958579706059825, -945.60853395758218097638782302231,   264.8595700894594223527713140445]
[   0,  438.05009259560353723435409700473, -1117.7990564637262958579706059825,  945.60853395758218097638782302231,  -264.8595700894594223527713140445]
[   0, -301.21712688141623443121657183887,  771.65024449688333103959797242328, -653.62724288286167720092542830781,   183.1941252673945805925440277234]
[   0, -222.95855705406455484200787008043,  567.85719804044967217253270528903, -478.28113382040015914524327179207,  133.38249283401504181471843658347]
[   0,  87.125591339877252038870344914567, -221.70838607360670735416007172977,  186.29984274567965536978087707756, -51.717048011950200054491150262359]
 

Cash(5,2,4)-SDIRK dense output coefficients:
[ 1.0,   -6.6345283602593456367012876462749,    13.923580442371199132236887337724, -7.2764200953226855192588941409332,  -10.579647856920092316197752703166,  14.466876031620172844731076709611, -4.8998601614892485048100295569611]
[   0,    6.6345283602593456367012876462749,   -13.923580442371199132236887337724,  7.2764200953226855192588941409332,   10.579647856920092316197752703166, -14.466876031620172844731076709611,  4.8998601614892485048100295569611]
[   0,   -3.9293753634771521396119372501892,    13.455163515940303815343541763515, -10.917824858811648497875241776736,  -9.0677872802112429430111710657406,  16.715271890481976816333586658575, -6.2554479039222370511787783294243]
[   0, 0.0083431780201178065978041207829208, -0.066447496574952883890813724865176, 0.19269677593598442412388727321946, -0.26386175542033747300648809772768, 0.17370727923194417621554867134307, -0.0444379811927560500399382427526]
[   0,   0.94521393720990690089006149254493,   -14.941020747089302301590219985921,  26.496187681134196999579291667129,   4.0591214782415232785347989950315, -32.568792697577962853896900510489,  16.009290348081637976482968341705]
[   0,   -4.0268443589036941413292889627838,    26.144780689183820729809990273625, -41.168985617426464551015148780644,  -7.1264287192601818676860543965167,  53.314913328582945175824038854383, -27.137435322176425345603536988064]
[   0,    1.3681342468914759367520729533702,   -10.668895519088670227435610988631,  18.121505923845246105928317476099,   1.8193084197301466889711618617879, -23.168223769098730469745196964201,  12.528170697720531965529255661575]


Cash(5,3,4)-SDIRK dense output coefficients:
[ 1.0,   -6.6345283602593456367012876462749,    13.923580442371199132236887337724, -7.2764200953226855192588941409332,  -10.579647856920092316197752703166,  14.466876031620172844731076709611, -4.8998601614892485048100295569611]
[   0,    6.6345283602593456367012876462749,   -13.923580442371199132236887337724,  7.2764200953226855192588941409332,   10.579647856920092316197752703166, -14.466876031620172844731076709611,  4.8998601614892485048100295569611]
[   0,   -3.9293753634771521396119372501892,    13.455163515940303815343541763515, -10.917824858811648497875241776736,  -9.0677872802112429430111710657406,  16.715271890481976816333586658575, -6.2554479039222370511787783294243]
[   0, 0.0083431780201178065978041207829208, -0.066447496574952883890813724865176, 0.19269677593598442412388727321946, -0.26386175542033747300648809772768, 0.17370727923194417621554867134307, -0.0444379811927560500399382427526]
[   0,   0.94521393720990690089006149254493,   -14.941020747089302301590219985921,  26.496187681134196999579291667129,   4.0591214782415232785347989950315, -32.568792697577962853896900510489,  16.009290348081637976482968341705]
[   0,   -4.0268443589036941413292889627838,    26.144780689183820729809990273625, -41.168985617426464551015148780644,  -7.1264287192601818676860543965167,  53.314913328582945175824038854383, -27.137435322176425345603536988064]
[   0,    1.3681342468914759367520729533702,   -10.668895519088670227435610988631,  18.121505923845246105928317476099,   1.8193084197301466889711618617879, -23.168223769098730469745196964201,  12.528170697720531965529255661575]
 

Ismail(7,4,5)-ESDIRK dense output coefficients:
[ 1.0,   0,  -62.102125495918131254311011180126,   349.11957233267313308321175960144, -888.68837626247468648247237142931,    1246.37993143601341917882730413, -993.99945694205723480868737267032,  422.62751593811608012058958774154, -74.337061006352579837157896193188]
[   0,   0,   62.102125495918131254311011180126,  -349.11957233267313308321175960144,  888.68837626247468648247237142931,   -1246.37993143601341917882730413,  993.99945694205723480868737267032, -422.62751593811608012058958774154,  74.337061006352579837157896193188]
[   0, 1.0,  -10.295459362241706773190101784451,   43.715427052152115428214387937487, -99.537452449483610493423034682622,  131.61179578333107931935314456719, -101.27250848023460335929502212666,  42.055060321100074232291420301512, -7.2768628646233483539507942124532]
[   0,   0,    23.62755787724632791055244977795,  -243.63839855010766311825078482245,  893.57921976730431062461231528766,  -1599.893809745941780534301427186,  1517.5118642187841198667024827549, -733.23253278189979250101071965791,  142.04609921461447775169568384584]
[   0,   0, 0.096641979245213304457116570367131, -0.93550547408117017480292895143477,  3.6460380306917892989423980251661, -7.3364633302244002012310574507469,  8.0620162864424594369845281185053, -4.6011192100443044187735306504631,  1.0683917179704127544234743386063]
[   0,   0,  -36.687236312053326689304407604978,   269.53760438674696497054335605742, -806.61490738431172733085351876105,  1259.9490159472568568841952140676, -1084.1401365417328456875820608728,  487.32825071752716532910221992986,  -89.37259081343308747610080281601]
[   0,   0,  -42.928581258967487940839930568078,   358.35536406026317882738253106107,  -1237.395490004791366680310834062,  2206.4954667339646449529902788903, -2128.5578907558399916066947105717,  1053.0060085814405485837888488237, -208.97487735606952613631618357326]
[   0,   0,   14.051906178708431399164867350179,  -164.66298870310063640213917522447,  671.49077696253568486484033953616, -1334.9722084797881450020604438401,  1399.1205432604403144576049332179, -740.28406248840633975268322103903,   155.2560332696106904352726999993]
[   0,   0,  -9.9669545978555824651510049211152,   86.748069560800343552264373543829, -313.85656118441976676628003677262,  590.52613452741516375988159508169, -604.72334492991668791640752319046,   318.3559107983987286478745700339, -67.083254174422198812181973775215]
 

SDIRK-2-2 dense output coefficients:
[ 1.0,  14.48528137423858740867218260321,  -31.97056274847717481734436520642,  16.48528137423858740867218260321]
[   0, -14.48528137423858740867218260321,   31.97056274847717481734436520642, -16.48528137423858740867218260321]
[   0, 11.656854249492393331342519400281, -23.313708498984786662685038800561, 11.656854249492393331342519400281]
[   0, 3.8284271247461940773296632029294, -8.6568542494923881546593264058589, 4.8284271247461940773296632029294]
 

IRK-1-1 dense output coefficients:
[ 1.0, -2.0,  1.0]
[   0,  2.0, -1.0]
[   0, -1.0,  1.0]
 

Crank-Nicolson-2-2-IRK dense output coefficients:
[ 1.0,   0, -3.0,  2.0]
[   0,   0,  3.0, -2.0]
[   0,   0, -1.0,  1.0]
[   0, 1.0, -2.0,  1.0]
 

SIRK-2-2 dense output coefficients:
[ 1.0,  2.1213203435596377089707010527305, -7.2426406871192754179414021054611,  4.1213203435596377089707010527305]
[   0, -2.1213203435596377089707010527305,  7.2426406871192754179414021054611, -4.1213203435596377089707010527305]
[   0,  2.4874368670764546513371954238638, -4.9748737341529093026743908477277,  2.4874368670764546513371954238638]
[   0, 0.63388347648318305763350562886669, -2.2677669529663661152670112577334,  1.6338834764831830576335056288667]
 

ESIRK-2-2 dense output coefficients:
[ 1.0,   0, -3.0,  2.0]
[   0,   0,  3.0, -2.0]
[   0, 1.0, -2.0,  1.0]
[   0,   0, -1.0,  1.0]
 

Gauss-2-4-IRK dense output coefficients:
[ 1.0,  5146971002709139.5126367525885566, -15440913008127417.084065324017128,  10293942005418276.571428571428571]
[   0, -5146971002709139.5126367525885566,  15440913008127417.084065324017128, -10293942005418276.571428571428571]
[   0,   2573485501354571.122343780078717, -7720456504063709.4080580657930027,  5146971002709138.2857142857142857]
[   0,  2573485501354569.3902929725098396, -7720456504063707.6760072582241253,  5146971002709138.2857142857142857]
 

RadauIIA-2-3-IRK dense output coefficients:
[ 1.0,  26409387504754779197847983441.333, -52818775009509558395695966885.667,  26409387504754779197847983443.333]
[   0, -26409387504754779197847983441.333,  52818775009509558395695966885.667, -26409387504754779197847983443.333]
[   0,    19807040628566084398385987582.0,   -39614081257132168796771975164.0,    19807040628566084398385987582.0]
[   0,  6602346876188694799461995860.3333, -13204693752377389598923991721.667,  6602346876188694799461995861.3333]


LobattoIII-2-2-IRK dense output coefficients:
[ 1.0,   0, -3.0,  2.0]
[   0,   0,  3.0, -2.0]
[   0, 1.0, -2.0,  1.0]
[   0,   0, -1.0,  1.0]
 

LobattoIIIA-2-2-IRK dense output coefficients:
[ 1.0,   0, -3.0,  2.0]
[   0,   0,  3.0, -2.0]
[   0, 1.0, -2.0,  1.0]
[   0,   0, -1.0,  1.0]
 

LobattoIIIB-2-2-IRK dense output coefficients:  {Warning: System is inconsistent. Solution does not exist.}


LobattoIIIC-2-2-IRK dense output coefficients:
[ 1.0,   0, -3.0,  2.0]
[   0,   0,  3.0, -2.0]
[   0, 1.0, -2.0,  1.0]
[   0,   0, -1.0,  1.0]
 

Gauss-3-2-IRK dense output coefficients:
[ 1.0,  1934973154584917.5658341738392018,  -11609838927509506.82690642981749,  19349731545849180.522144511956576,  -9674865772924592.261072255978288]
[   0, -1934973154584917.5658341738392018,   11609838927509506.82690642981749, -19349731545849180.522144511956576,   9674865772924592.261072255978288]
[   0,  537492542940256.23308001417431144, -3224955257641531.2354110150903212,  5374925429402550.0046620018320196, -2687462714701275.0023310009160098]
[   0,  859988068704407.39066859422638449, -5159928412226445.6470788483726529,  8599880687044080.5128205082925367, -4299940343522042.2564102541462684]
[   0,  537492542940254.94208556543850586, -3224955257641529.9444165663545157,  5374925429402550.0046620018320196, -2687462714701275.0023310009160098]
 

RadauI-3-5-IRK dense output coefficients:
[ 1.0,   0, -5623729478500037.6422330124905618,  14996611942666764.287311385104735, -9372882464166727.6450783726141735]
[   0,   0,  5623729478500037.6422330124905618, -14996611942666764.287311385104735,  9372882464166727.6450783726141735]
[   0, 1.0, -624858830944450.52467474726940094,  1666290215851863.5370611799550587, -1041431384907414.0123864326856578]
[   0,   0, -2882081648049271.3201035883712027,  7685551061464726.6671114911704621, -4803469413415455.3470079027992594]
[   0,   0, -2116788999506315.7974546768499582,  5644770665350174.0831387139792145, -3527981665843858.2856840371292563]
 

RadauIA-3-5-IRK dense output coefficients:
[ 1.0,   0, -5623729478500037.6422330124905618,  14996611942666764.287311385104735, -9372882464166727.6450783726141735]
[   0,   0,  5623729478500037.6422330124905618, -14996611942666764.287311385104735,  9372882464166727.6450783726141735]
[   0, 1.0, -624858830944450.52467474726940094,  1666290215851863.5370611799550587, -1041431384907414.0123864326856578]
[   0,   0, -2882081648049271.3201035883712027,  7685551061464726.6671114911704621, -4803469413415455.3470079027992594]
[   0,   0, -2116788999506315.7974546768499582,  5644770665350174.0831387139792145, -3527981665843858.2856840371292563]
 

RadauII-3-5-IRK dense output coefficients:
[ 1.0, -10133099161583617.538273314912192,  45598946227126274.047229917104863,  -60798594969501699.47963988947315,  25332747903959041.970683287280479]
[   0,  10133099161583617.538273314912192, -45598946227126274.047229917104863,   60798594969501699.47963988947315, -25332747903959041.970683287280479]
[   0, -3814129559067609.5077328217020352,  17163583015804245.974237466908088, -22884777354405663.425276468710071,  9535323897669026.9587718235040181]
[   0, -5193069695673382.4922672117923688,   23368813630530218.02576268381673, -31158418174040288.574723732256353,  12982674239183453.041228260231992]
[   0, -1125899906842624.5382732814177877,  5066549580791810.0472297663800445, -6755399441055747.4796396885067258,  2814749767106561.9706832035444691]
 

RadauIIA-3-5-IRK dense output coefficients:
[ 1.0, -10133099161583617.538273314912192,  45598946227126274.047229917104863,  -60798594969501699.47963988947315,  25332747903959041.970683287280479]
[   0,  10133099161583617.538273314912192, -45598946227126274.047229917104863,   60798594969501699.47963988947315, -25332747903959041.970683287280479]
[   0, -3814129559067609.5077328217020352,  17163583015804245.974237466908088, -22884777354405663.425276468710071,  9535323897669026.9587718235040181]
[   0, -5193069695673382.4922672117923688,   23368813630530218.02576268381673, -31158418174040288.574723732256353,  12982674239183453.041228260231992]
[   0, -1125899906842624.5382732814177877,  5066549580791810.0472297663800445, -6755399441055747.4796396885067258,  2814749767106561.9706832035444691]
 

LobattoIII-3-4-IRK dense output coefficients:  {Warning: System is inconsistent. Solution does not exist.}
 

LobattoIIIA-3-4-IRK dense output coefficients:  {Warning: System is inconsistent. Solution does not exist.}
 

LobattoIIIB-3-4-IRK dense output coefficients:  {Warning: System is inconsistent. Solution does not exist.}
 

LobattoIIIC-3-4-IRK dense output coefficients:  {Warning: System is inconsistent. Solution does not exist.}


LobattoIII-4-6-IRK dense output coefficients:
[ 1.0,   0,  2812003669772798.5931837097394313, -11248014679091189.865562106885919,  14060018348863978.951573084553544, -5624007339545588.6791946874070565]
[   0,   0, -2812003669772798.5931837097394313,  11248014679091189.865562106885919, -14060018348863978.951573084553544,  5624007339545588.6791946874070565]
[   0, 1.0,   234333639147731.0562070435622966, -937334556590932.51589711324320332,  1171668195738667.8631730957995168, -468667278295467.40348302611861012]
[   0,   0,  1171668195738668.4164824807432685, -4686672782954662.0311046741936801,  5858340978693318.8127619061575545,  -2343336391477325.198139712707143]
[   0,   0,  1171668195738665.7350188491886426, -4686672782954662.4855900354741251,  5858340978693327.7661235233823226,   -2343336391477331.01555233709684]
[   0,   0,  234333639147733.38547533624522362,  -937334556590932.8329702839749106,  1171668195738664.5095145592141504, -468667278295465.06201961148446337]


LobattoIIIA-4-6-IRK dense output coefficients:
[ 1.0,   0,  2812003669772798.5931837097394313, -11248014679091189.865562106885919,  14060018348863978.951573084553544, -5624007339545588.6791946874070565]
[   0,   0, -2812003669772798.5931837097394313,  11248014679091189.865562106885919, -14060018348863978.951573084553544,  5624007339545588.6791946874070565]
[   0, 1.0,   234333639147731.0562070435622966, -937334556590932.51589711324320332,  1171668195738667.8631730957995168, -468667278295467.40348302611861012]
[   0,   0,  1171668195738668.4164824807432685, -4686672782954662.0311046741936801,  5858340978693318.8127619061575545,  -2343336391477325.198139712707143]
[   0,   0,  1171668195738665.7350188491886426, -4686672782954662.4855900354741251,  5858340978693327.7661235233823226,   -2343336391477331.01555233709684]
[   0,   0,  234333639147733.38547533624522362,  -937334556590932.8329702839749106,  1171668195738664.5095145592141504, -468667278295465.06201961148446337]
 

LobattoIIIB-4-6-IRK dense output coefficients:
[ 1.0,   0,  2812003669772798.5931837097394313, -11248014679091189.865562106885919,  14060018348863978.951573084553544, -5624007339545588.6791946874070565]
