% Analysis script for results from h_tests.m
%
% Daniel R. Reynolds
% SMU Mathematics

% controller indexing:
%    0 = none
%    1 = I
%    2 = PI
%    3 = PID
%    4 = iG
%    5 = eG
%    6 = ieG

% same absolute and relative tolerances was used for all tests
atol = 1e-14;
rtol = [1e-2, 1e-3, 1e-4, 1e-5, 1e-6];

% data columns:
%       rtol   ctrl   work  astep  sstep   maxerr    rmserr

%----------------
% Single-cell brusselator test 1
ode15s = [1e-2   0      56    56     0       2.82e-01  7.41e-02;
          1e-3   0      86    86     0       2.30e-02  5.63e-03;
          1e-4   0      130   130    0       2.59e-03  5.22e-04;
          1e-5   0      190   190    0       4.32e-04  8.77e-05;
          1e-6   0      263   263    0       2.46e-05  5.18e-06];
dirk32_c1 = [1e-2   1      106   106    0       2.85e-03  2.81e-04;
             1e-3   1      111   111    0       1.69e-03  1.67e-04;
             1e-4   1      119   119    0       2.13e-04  3.92e-05;
             1e-5   1      155   155    0       5.55e-05  1.70e-05;
             1e-6   1      285   285    0       1.10e-05  3.14e-06];
dirk32_c2 = [1e-2   2      120   120    0       1.67e-04  3.74e-05;
             1e-3   2      151   151    0       1.27e-04  3.28e-05;
             1e-4   2      232   232    0       3.44e-05  8.13e-06;
             1e-5   2      295   295    0       8.84e-06  2.44e-06;
             1e-6   2      471   471    0       1.93e-06  6.01e-07];
dirk32_c3 =[1e-2   3      128   128    0       2.02e-04  3.69e-05;
            1e-3   3      169   169    0       1.34e-04  3.33e-05;
            1e-4   3      243   243    0       1.96e-05  5.63e-06;
            1e-5   3      323   323    0       7.55e-06  1.68e-06;
            1e-6   3      551   551    0       1.08e-06  4.18e-07];
dirk32_c4 = [1e-2   4      105   105    0       2.90e-03  2.91e-04;
             1e-3   4      107   107    0       1.10e-03  1.37e-04;
             1e-4   4      115   115    0       1.72e-04  4.05e-05;
             1e-5   4      148   148    0       5.66e-05  1.98e-05;
             1e-6   4      270   270    0       1.49e-05  4.55e-06];
dirk32_c5 = [1e-2   5      115   115    0       4.45e-04  6.41e-05;
             1e-3   5      135   135    0       1.43e-04  3.57e-05;
             1e-4   5      217   217    0       6.32e-05  1.19e-05;
             1e-5   5      250   250    0       1.43e-05  5.43e-06;
             1e-6   5      427   427    0       2.46e-06  7.68e-07];
dirk43_c1 = [1e-2   1      107   107    0       2.16e-04  2.05e-05;
             1e-3   1      109   109    0       2.47e-04  2.19e-05;
             1e-4   1      111   111    0       7.05e-05  8.77e-06;
             1e-5   1      116   116    0       9.53e-06  1.47e-06;
             1e-6   1      128   128    0       1.42e-06  2.65e-07];
dirk43_c2 = [1e-2   2      117   117    0       2.93e-05  2.79e-06;
             1e-3   2      129   129    0       1.20e-05  1.11e-06;
             1e-4   2      149   149    0       2.98e-06  4.51e-07;
             1e-5   2      229   229    0       8.43e-07  1.16e-07;
             1e-6   2      250   250    0       2.31e-07  2.84e-08];
dirk43_c3 = [1e-2   3      119   119    0       2.38e-05  1.93e-06;
             1e-3   3      130   130    0       1.14e-05  7.36e-07;
             1e-4   3      236   236    0       1.50e-06  1.32e-07;
             1e-5   3      247   247    0       5.62e-07  4.89e-08;
             1e-6   3      277   277    0       1.34e-07  1.49e-08];
dirk43_c4 = [1e-2   4      111   111    0       1.34e-04  1.51e-05;
             1e-3   4      106   106    0       2.12e-04  1.98e-05;
             1e-4   4      109   109    0       1.89e-04  1.67e-05;
             1e-5   4      116   116    0       3.12e-05  3.14e-06;
             1e-6   4      121   121    0       4.19e-06  5.91e-07];
dirk43_c5 = [1e-2   5      114   114    0       3.92e-05  3.89e-06;
             1e-3   5      118   118    0       7.99e-06  9.87e-07;
             1e-4   5      130   130    0       4.58e-06  6.39e-07;
             1e-5   5      182   182    0       2.62e-06  2.79e-07;
             1e-6   5      239   239    0       2.33e-07  4.43e-08];
dirk54_c1 = [1e-2   1      112   112    0       6.48e-06  5.72e-07;
             1e-3   1      107   107    0       1.05e-05  8.15e-07;
             1e-4   1      108   108    0       1.04e-05  8.04e-07;
             1e-5   1      110   110    0       6.02e-06  5.32e-07;
             1e-6   1      113   113    0       1.26e-06  1.23e-07];
dirk54_c2 = [1e-2   2      117   117    0       1.32e-06  1.85e-07;
             1e-3   2      122   122    0       2.92e-07  5.02e-08;
             1e-4   2      125   125    0       1.52e-07  2.75e-08;
             1e-5   2      140   140    0       6.96e-08  2.15e-08;
             1e-6   2      146   146    0       5.15e-08  2.05e-08];
dirk54_c3 = [1e-2   3      128   128    0       4.92e-07  4.87e-08;
             1e-3   3      125   125    0       4.29e-07  5.38e-08;
             1e-4   3      133   133    0       1.99e-07  2.64e-08;
             1e-5   3      152   152    0       7.06e-08  2.09e-08;
             1e-6   3      160   160    0       7.12e-08  2.09e-08];
dirk54_c4 = [1e-2   4      105   105    0       1.32e-05  1.43e-06;
             1e-3   4      106   106    0       1.14e-05  1.18e-06;
             1e-4   4      106   106    0       1.54e-05  1.79e-06;
             1e-5   4      110   110    0       7.74e-06  8.91e-07;
             1e-6   4      112   112    0       1.39e-06  2.20e-07];
dirk54_c5 = [1e-2   5      113   113    0       2.07e-06  2.60e-07;
             1e-3   5      114   114    0       1.27e-06  1.76e-07;
             1e-4   5      121   121    0       4.20e-07  4.23e-08;
             1e-5   5      124   124    0       3.26e-07  3.48e-08;
             1e-6   5      131   131    0       2.74e-07  3.52e-08];
ark32_c1 = [1e-2   1      122   11     111     8.58e-03  1.83e-03;
            1e-3   1      126   19     107     7.84e-03  1.75e-03;
            1e-4   1      179   165    14      6.41e-03  1.32e-03;
            1e-5   1      561   513    48      9.90e-04  1.51e-04;
            1e-6   1      1668  1453   215     7.61e-05  1.60e-05];
ark32_c2 = [1e-2   2      168   153    15      6.41e-03  1.44e-03;
            1e-3   2      290   288    2       2.59e-03  3.64e-04;
            1e-4   2      412   412    0       2.49e-03  2.46e-04;
            1e-5   2      776   772    4       3.20e-04  4.77e-05;
            1e-6   2      1837  1800   37      2.77e-05  4.56e-06];
ark32_c3 = [1e-2   3      195   189    6       6.41e-03  1.39e-03;
            1e-3   3      346   344    2       2.69e-03  2.66e-04;
            1e-4   3      478   478    0       1.43e-03  1.42e-04;
            1e-5   3      786   785    1       2.02e-04  3.37e-05;
            1e-6   3      1710  1696   14      3.83e-05  6.76e-06];
ark32_c4 = [1e-2   4      120   10     110     9.42e-03  1.90e-03;
            1e-3   4      129   13     116     9.38e-03  1.97e-03;
            1e-4   4      193   152    41      6.41e-03  1.48e-03;
            1e-5   4      1190  916    274     9.90e-04  1.64e-04;
            1e-6   4      3995  2963   1032    8.00e-05  1.29e-05];
ark32_c5 = [1e-2   5      149   125    24      6.41e-03  1.49e-03;
            1e-3   5      155   148    7       6.41e-03  1.47e-03;
            1e-4   5      347   347    0       1.42e-03  2.23e-04;
            1e-5   5      646   635    11      3.65e-04  5.70e-05;
            1e-6   5      1926  1812   114     5.42e-05  8.70e-06];
ark32_c6 = [1e-2   6      163   137    26      6.41e-03  1.49e-03;
            1e-3   6      296   291    5       4.38e-03  6.26e-04;
            1e-4   6      469   469    0       1.18e-03  1.48e-04;
            1e-5   6      864   849    15      2.89e-04  5.14e-05;
            1e-6   6      2286  2205   81      4.96e-05  7.88e-06];
